1541463559.997795
1541463560.0106912
1541463560.016578
1541463560.028281
1541463560.036101
1541463560.101559
1541463560.134958
1541463560.166218
1541463560.192757
1541463560.260205
1541463560.2930229
1541463560.330812
1541463560.3697972
1541463560.4344928
1541463560.4595578
1541463560.4982588
1541463560.532438
1541463560.598208
1541463560.6324039
1541463560.663871
1541463560.732769
1541463560.7494972
1541463560.798303
1541463560.839211
1541463560.883627
1541463560.931329
1541463560.951436
1541463560.990004
1541463561.051291
1541463561.0781
1541463561.116162
1541463561.149406
1541463561.2261279
1541463561.247829
1541463561.284213
1541463561.3199942
1541463561.385866
1541463561.4124649
1541463561.452734
1541463561.483436
1541463561.545401
1541463561.583957
1541463561.612133
1541463561.677736
1541463561.7140858
1541463561.7431622
1541463561.774622
1541463561.8352692
1541463561.876328
1541463561.9070919
1541463561.945697
1541463562.0065742
1541463562.0327702
1541463562.076813
1541463562.106293
1541463562.175356
1541463562.210314
1541463562.232207
1541463562.27842
1541463562.3383281
1541463562.3675132
1541463562.412107
1541463562.441154
1541463562.497959
1541463562.536055
1541463562.5630789
